%BLOCK LATTICE_CART
       5.944623621841597      -3.432130048301251       0.000000000000000
      -0.000000000000000       6.864260096602506       0.000000000000000
      -0.000000000000000       0.000000000000000       7.631008742749662
%ENDBLOCK LATTICE_CART

%BLOCK POSITIONS_FRAC
 Al   0.6666666666666667   0.3333333333333333   0.5000000000000000
 Al  -0.6666666666666666  -0.3333333333333333  -0.5000000000000000
 Si   0.0000000000000000  -0.0000000000000000   0.3489787781878875
 Si   0.0000000000000000  -0.0000000000000000  -0.3489787781878876
 Te  -0.0000000000000003   0.6448653968431396   0.7309257200786371
 Te  -0.6448653968431396  -0.6448653968431398   0.7309257200786371
 Te   0.6448653968431400   0.0000000000000004   0.7309257200786371
 Te  -0.6448653968431396   0.0000000000000003  -0.7309257200786371
 Te   0.6448653968431400   0.6448653968431396  -0.7309257200786371
 Te  -0.0000000000000003  -0.6448653968431398  -0.7309257200786371
%ENDBLOCK POSITIONS_FRAC

%BLOCK PHONON_KPOINT_LIST
   0.0000000000000000   0.0000000000000000   0.0000000000000000
%ENDBLOCK PHONON_KPOINT_LIST

%BLOCK PHONON_GAMMA_DIRECTIONS
   0.0000000000000000   0.0000000000000000   0.0000000000000000
%ENDBLOCK PHONON_GAMMA_DIRECTIONS

%BLOCK KPOINTS_LIST
  -0.5000000000000000  -0.5000000000000000   0.2500000000000000       0.750000000000000
   0.0000000000000000   0.0000000000000000   0.2500000000000000       0.250000000000000
%ENDBLOCK KPOINTS_LIST

%BLOCK SYMMETRY_OPS
       1.000000000000000       0.000000000000000       0.000000000000000
      -0.000000000000000       1.000000000000000       0.000000000000000
       0.000000000000000       0.000000000000000       1.000000000000000
       0.000000000000000       0.000000000000000       0.000000000000000
      -0.500000000000000       0.866025403784438      -0.000000000000000
      -0.866025403784439      -0.500000000000000      -0.000000000000000
      -0.000000000000000       0.000000000000000       1.000000000000000
       0.000000000000000       0.000000000000000       0.000000000000000
      -0.500000000000000      -0.866025403784438      -0.000000000000000
       0.866025403784439      -0.500000000000000       0.000000000000000
      -0.000000000000000      -0.000000000000000       1.000000000000000
       0.000000000000000       0.000000000000000       0.000000000000000
      -0.500000000000000      -0.866025403784439       0.000000000000000
      -0.866025403784439       0.500000000000000       0.000000000000000
       0.000000000000000      -0.000000000000000      -1.000000000000000
       0.000000000000000       0.000000000000000       0.000000000000000
      -0.500000000000000       0.866025403784438       0.000000000000000
       0.866025403784439       0.500000000000000       0.000000000000000
       0.000000000000000       0.000000000000000      -1.000000000000000
       0.000000000000000       0.000000000000000       0.000000000000000
       1.000000000000000       0.000000000000001       0.000000000000000
       0.000000000000000      -1.000000000000000       0.000000000000000
       0.000000000000000       0.000000000000000      -1.000000000000000
       0.000000000000000       0.000000000000000       0.000000000000000
      -1.000000000000000       0.000000000000000       0.000000000000000
       0.000000000000000      -1.000000000000000       0.000000000000000
       0.000000000000000       0.000000000000000      -1.000000000000000
       0.000000000000000       0.000000000000000       0.000000000000000
       0.500000000000000      -0.866025403784438       0.000000000000000
       0.866025403784439       0.500000000000000       0.000000000000000
       0.000000000000000      -0.000000000000000      -1.000000000000000
       0.000000000000000       0.000000000000000       0.000000000000000
       0.500000000000000       0.866025403784438       0.000000000000000
      -0.866025403784439       0.500000000000000       0.000000000000000
       0.000000000000000       0.000000000000000      -1.000000000000000
       0.000000000000000       0.000000000000000       0.000000000000000
       0.500000000000000       0.866025403784439       0.000000000000000
       0.866025403784439      -0.500000000000000       0.000000000000000
      -0.000000000000000       0.000000000000000       1.000000000000000
       0.000000000000000       0.000000000000000       0.000000000000000
       0.500000000000000      -0.866025403784438      -0.000000000000000
      -0.866025403784439      -0.500000000000000      -0.000000000000000
      -0.000000000000000      -0.000000000000000       1.000000000000000
       0.000000000000000       0.000000000000000       0.000000000000000
      -1.000000000000000      -0.000000000000001      -0.000000000000000
      -0.000000000000000       1.000000000000000       0.000000000000000
      -0.000000000000000      -0.000000000000000       1.000000000000000
       0.000000000000000       0.000000000000000       0.000000000000000
%ENDBLOCK SYMMETRY_OPS

FIX_COM : false
%BLOCK IONIC_CONSTRAINTS
%ENDBLOCK IONIC_CONSTRAINTS

%BLOCK EXTERNAL_EFIELD
    0.0000000000     0.0000000000     0.0000000000 
%ENDBLOCK EXTERNAL_EFIELD

%BLOCK EXTERNAL_PRESSURE
    0.0000000000    0.0000000000    0.0000000000
                    0.0000000000    0.0000000000
                                    0.0000000000
%ENDBLOCK EXTERNAL_PRESSURE

%BLOCK SPECIES_MASS
      Al     26.9820003510
      Si     28.0849990845
      Te    127.5999984741
%ENDBLOCK SPECIES_MASS

%BLOCK SPECIES_POT
      Al  1|1.6|5|7|9|30N:31L:32N[]
      Si  1|1.6|6|7|9|30N:31L:32N[]
      Te  2|2.2|4.8|7.4|9.2|50N:51N[]
%ENDBLOCK SPECIES_POT

%BLOCK SPECIES_LCAO_STATES
      Al         2
      Si         2
      Te         3
%ENDBLOCK SPECIES_LCAO_STATES

