%BLOCK LATTICE_CART
       6.103667132939450      -3.523953862246460       0.000000000000000
       0.000000000000000       7.047907724492920       0.000000000000000
       0.000000000000000       0.000000000000000       7.919549116875480
%ENDBLOCK LATTICE_CART

%BLOCK POSITIONS_FRAC
 Si   0.0000000000000000   0.0000000000000000   0.3548125712158481
 Si   0.0000000000000000   0.0000000000000000  -0.3548125712158480
 Sc   0.6666666666666670   0.3333333333333330   0.5000000000000000
 Sc  -0.6666666666666670  -0.3333333333333330  -0.4999999999999999
 Te  -0.0000000000000002   0.6571448594853170   0.7336475845677810
 Te  -0.6571448594853170  -0.6571448594853172   0.7336475845677810
 Te   0.6571448594853172   0.0000000000000002   0.7336475845677810
 Te  -0.6571448594853170   0.0000000000000002  -0.7336475845677810
 Te   0.6571448594853172   0.6571448594853170  -0.7336475845677810
 Te  -0.0000000000000002  -0.6571448594853172  -0.7336475845677810
%ENDBLOCK POSITIONS_FRAC

%BLOCK KPOINTS_LIST
  -0.5000000000000000  -0.5000000000000000   0.2500000000000000       0.750000000000000
   0.0000000000000000   0.0000000000000000   0.2500000000000000       0.250000000000000
%ENDBLOCK KPOINTS_LIST

%BLOCK SYMMETRY_OPS
       1.000000000000000       0.000000000000000       0.000000000000000
       0.000000000000000       1.000000000000000       0.000000000000000
       0.000000000000000       0.000000000000000       1.000000000000000
       0.000000000000000       0.000000000000000       0.000000000000000
      -0.500000000000000       0.866025403784438       0.000000000000000
      -0.866025403784439      -0.500000000000000       0.000000000000000
       0.000000000000000       0.000000000000000       1.000000000000000
       0.000000000000000       0.000000000000000       0.000000000000000
      -0.500000000000000      -0.866025403784438       0.000000000000000
       0.866025403784439      -0.500000000000000       0.000000000000000
       0.000000000000000       0.000000000000000       1.000000000000000
       0.000000000000000       0.000000000000000       0.000000000000000
      -0.500000000000000      -0.866025403784438       0.000000000000000
      -0.866025403784439       0.500000000000000       0.000000000000000
       0.000000000000000       0.000000000000000      -1.000000000000000
       0.000000000000000       0.000000000000000       0.000000000000000
      -0.500000000000000       0.866025403784438       0.000000000000000
       0.866025403784439       0.500000000000000       0.000000000000000
       0.000000000000000       0.000000000000000      -1.000000000000000
       0.000000000000000       0.000000000000000       0.000000000000000
       1.000000000000000       0.000000000000000       0.000000000000000
       0.000000000000000      -1.000000000000000       0.000000000000000
       0.000000000000000       0.000000000000000      -1.000000000000000
       0.000000000000000       0.000000000000000       0.000000000000000
      -1.000000000000000       0.000000000000000       0.000000000000000
       0.000000000000000      -1.000000000000000       0.000000000000000
       0.000000000000000       0.000000000000000      -1.000000000000000
       0.000000000000000       0.000000000000000       0.000000000000000
       0.500000000000000      -0.866025403784438       0.000000000000000
       0.866025403784439       0.500000000000000       0.000000000000000
       0.000000000000000       0.000000000000000      -1.000000000000000
       0.000000000000000       0.000000000000000       0.000000000000000
       0.500000000000000       0.866025403784438       0.000000000000000
      -0.866025403784439       0.500000000000000       0.000000000000000
       0.000000000000000       0.000000000000000      -1.000000000000000
       0.000000000000000       0.000000000000000       0.000000000000000
       0.500000000000000       0.866025403784438       0.000000000000000
       0.866025403784439      -0.500000000000000       0.000000000000000
       0.000000000000000       0.000000000000000       1.000000000000000
       0.000000000000000       0.000000000000000       0.000000000000000
       0.500000000000000      -0.866025403784438       0.000000000000000
      -0.866025403784439      -0.500000000000000       0.000000000000000
       0.000000000000000       0.000000000000000       1.000000000000000
       0.000000000000000       0.000000000000000       0.000000000000000
      -1.000000000000000       0.000000000000000       0.000000000000000
       0.000000000000000       1.000000000000000       0.000000000000000
       0.000000000000000       0.000000000000000       1.000000000000000
       0.000000000000000       0.000000000000000       0.000000000000000
%ENDBLOCK SYMMETRY_OPS

FIX_COM : false
%BLOCK IONIC_CONSTRAINTS
%ENDBLOCK IONIC_CONSTRAINTS

%BLOCK EXTERNAL_EFIELD
    0.0000000000     0.0000000000     0.0000000000 
%ENDBLOCK EXTERNAL_EFIELD

%BLOCK EXTERNAL_PRESSURE
    0.0000000000    0.0000000000    0.0000000000
                    0.0000000000    0.0000000000
                                    0.0000000000
%ENDBLOCK EXTERNAL_PRESSURE

%BLOCK SPECIES_MASS
      Si     28.0849990845
      Sc     44.9560012817
      Te    127.5999984741
%ENDBLOCK SPECIES_MASS

%BLOCK SPECIES_POT
      Si  1|1.6|6|7|9|30N:31L:32N[]
      Sc  3|1.8|13|16|19|30N:40N:31N:32N(qc=7)[]
      Te  2|2.2|4.8|7.4|9.2|50N:51N[]
%ENDBLOCK SPECIES_POT

%BLOCK SPECIES_LCAO_STATES
      Si         2
      Sc         5
      Te         3
%ENDBLOCK SPECIES_LCAO_STATES

